1 [[7, 10, 12, 13, 14, 15, 20, 21, 23, 24, 27, 31, 34, 38, 40, 77, 89, 97, 109, 112, 122, 145, 154, 155, 156, 159, 171, 178, 197, 200, 202, 234, 235, 256, 279, 288, 304, 308, 324, 331, 349, 353, 363, 377, 382, 392, 400, 401, 410, 424, 444, 471, 476, 533, 538, 579, 580, 605, 647, 670, 685, 731, 766, 2, 3, 4, 5, 6, 8, 9, 11, 35, 93, 101, 127, 168, 190, 207, 217, 227, 236, 250, 259, 368, 385, 402, 468, 559, 711, 728, 739, 754], 0.0016286644951140066]
2 [[8, 23, 51, 161, 377, 444, 483, 638, 710, 3, 4, 9, 11, 32, 61, 92, 187, 247, 310, 563, 711, 763, 766], 0.0016286644951140066]
3 [[11, 29, 55, 64, 68, 76, 91, 139, 147, 170, 186, 221, 301, 393, 425, 435, 518, 521, 635, 680, 4, 5, 7, 8, 10, 13, 14, 15, 17, 18, 19, 20, 26, 27, 30, 32, 40, 45, 54, 62, 69, 100, 101, 126, 174, 183, 184, 185, 189, 202, 217, 234, 247, 248, 271, 304, 308, 313, 314, 328, 333, 355, 361, 373, 375, 398, 400, 407, 419, 427, 445, 447, 451, 464, 470, 482, 486, 494, 526, 545, 559, 567, 601, 609, 631, 643, 645, 670, 717, 722, 733, 737, 742, 768], 0.0016286644951140066]
4 [[8, 11, 17, 18, 21, 23, 26, 27, 30, 44, 45, 47, 51, 57, 62, 69, 72, 79, 81, 115, 118, 122, 135, 154, 168, 182, 188, 199, 231, 233, 246, 280, 308, 319, 349, 389, 393, 411, 427, 432, 483, 492, 493, 505, 510, 518, 529, 574, 578, 610, 661, 663, 720, 734, 775, 780, 791, 5, 6, 7, 9, 22, 24, 29, 32, 35, 36, 48, 49, 52, 56, 70, 85, 93, 109, 119, 134, 143, 155, 163, 170, 174, 177, 186, 187, 193, 200, 214, 218, 235, 259, 278, 310, 340, 350, 354, 365, 379, 385, 401, 406, 418, 439, 442, 456, 460, 466, 490, 491, 509, 536, 537, 543, 556, 588, 612, 680, 685, 686, 697, 709, 717, 722, 745, 751, 753, 763, 773, 788], 0.0016286644951140066]
5 [[14, 19, 37, 42, 46, 55, 57, 58, 59, 60, 68, 86, 88, 91, 105, 111, 121, 130, 132, 136, 139, 155, 166, 229, 267, 275, 279, 294, 313, 360, 361, 367, 429, 518, 537, 560, 574, 797, 584, 587, 591, 634, 637, 667, 680, 716, 750, 6, 7, 8, 10, 12, 13, 16, 21, 23, 24, 25, 26, 29, 38, 47, 50, 66, 76, 95, 107, 109, 119, 146, 151, 167, 204, 209, 239, 258, 262, 264, 286, 289, 301, 344, 394, 397, 413, 434, 485, 492, 495, 496, 607, 610, 612, 622, 701, 754, 792], 0.0016286644951140066]
6 [[9, 10, 13, 14, 18, 20, 25, 28, 30, 33, 45, 48, 49, 57, 60, 63, 65, 78, 87, 89, 103, 125, 129, 152, 164, 168, 172, 206, 237, 265, 307, 449, 462, 464, 489, 509, 510, 517, 550, 564, 616, 733, 747, 757, 761, 771, 29, 35, 47, 56, 77, 186, 250, 253, 299, 321, 443, 460, 555, 652, 688], 0.0016286644951140066]
7 [[16, 37, 46, 85, 88, 128, 177, 186, 207, 426, 453, 537, 575, 599, 605, 645, 708, 722, 731, 10, 12, 14, 15, 17, 19, 22, 24, 800, 30, 33, 34, 36, 38, 39, 43, 44, 48, 49, 51, 52, 53, 57, 66, 70, 71, 72, 73, 75, 78, 79, 80, 83, 84, 99, 102, 106, 114, 115, 117, 118, 124, 129, 154, 157, 159, 181, 184, 192, 194, 202, 211, 224, 233, 251, 267, 276, 309, 315, 318, 322, 326, 332, 337, 357, 394, 420, 423, 431, 438, 440, 463, 482, 484, 528, 542, 557, 565, 572, 573, 574, 581, 606, 620, 679, 693, 752, 756], 0.0016286644951140066]
8 [[11, 26, 44, 51, 62, 70, 75, 99, 115, 138, 161, 175, 187, 205, 210, 223, 227, 243, 259, 260, 263, 311, 344, 796, 359, 368, 396, 417, 418, 421, 445, 447, 490, 516, 539, 573, 578, 631, 658, 692, 101, 127, 375, 496, 670, 754], 0.0016286644951140066]
9 [[10, 15, 18, 21, 22, 33, 36, 40, 63, 72, 77, 80, 97, 98, 114, 135, 173, 178, 189, 195, 208, 214, 219, 230, 252, 254, 800, 302, 324, 330, 343, 347, 412, 419, 431, 497, 511, 514, 519, 530, 547, 562, 593, 622, 682, 707, 729, 733, 753, 759, 769, 789, 11, 61, 92, 190, 310, 350, 385, 490, 543, 556, 590, 659, 672, 674, 760, 771, 773], 0.0016286644951140066]
10 [[15, 35, 63, 189, 392, 394, 406, 442, 454, 455, 464, 618, 715, 755, 12, 13, 14, 21, 27, 33, 99, 123, 144, 153, 157, 165, 208, 233, 240, 300, 317, 344, 413, 798, 601, 606, 617, 787], 0.0016286644951140066]
11 [[17, 26, 29, 76, 81, 101, 106, 113, 138, 169, 223, 243, 260, 306, 366, 369, 409, 417, 425, 441, 656, 683, 698, 776, 61, 190, 672, 674, 711], 0.0016286644951140066]
12 [[16, 34, 85, 109, 128, 130, 146, 197, 200, 207, 209, 251, 294, 320, 361, 363, 384, 422, 424, 450, 453, 456, 463, 486, 580, 599, 609, 645, 703, 718, 21, 23, 25, 31, 33, 37, 38, 42, 43, 46, 57, 129, 139, 142, 144, 151, 205, 416, 798, 530, 534, 560, 622, 729], 0.0016286644951140066]
13 [[89, 145, 156, 671, 16, 18, 45, 59, 100, 239, 241, 306, 344, 366, 384, 419, 427, 445, 457, 489, 511, 531, 571, 599, 601, 627, 727], 0.0016286644951140066]
14 [[20, 24, 25, 31, 32, 38, 41, 43, 53, 54, 56, 60, 66, 71, 86, 87, 94, 102, 112, 119, 126, 129, 131, 132, 143, 144, 150, 194, 202, 211, 222, 257, 264, 267, 268, 281, 287, 323, 329, 331, 356, 358, 376, 385, 405, 420, 430, 437, 467, 476, 477, 501, 534, 568, 601, 608, 649, 664, 669, 709, 736, 764, 779, 15, 27, 39, 99, 117, 123, 153, 183, 528, 565, 645], 0.0016286644951140066]
15 [[35, 40, 394, 412, 454, 455, 484, 513, 522, 17, 39, 53, 71, 75, 90, 104, 183, 248, 276, 282, 283, 308, 315, 363, 451, 581], 0.0016286644951140066]
16 [[85, 275, 422, 537, 619, 741, 758, 18, 20, 26, 28, 41, 59, 60, 67, 68, 74, 81, 89, 91, 105, 111, 116, 120, 141, 146, 160, 175, 180, 204, 231, 239, 241, 255, 263, 301, 303, 306, 314, 325, 343, 356, 370, 373, 376, 392, 393, 409, 429, 450, 467, 477, 488, 511, 519, 532, 533, 548, 553, 582, 586, 611, 643, 648, 663, 696, 704, 793, 779], 0.0016286644951140066]
17 [[29, 64, 393, 53, 202, 224, 308, 355, 363], 0.0016286644951140066]
18 [[30, 33, 49, 69, 83, 98, 239, 265, 271, 395, 475, 493, 497, 511, 526, 694, 762, 765, 20, 40, 41, 45, 59, 60, 63, 130, 158, 176, 185, 254, 269, 302, 346, 384, 404, 409, 424, 441, 447, 553, 566, 605, 644, 664, 708, 719, 723, 746], 0.0016286644951140066]
19 [[37, 42, 55, 58, 61, 177, 186, 373, 426, 438, 22, 30, 34, 62, 78, 82, 152, 174, 221, 256, 309, 337, 354, 398, 415, 420, 425, 437, 469, 507, 552, 595, 598, 795, 686, 693, 700, 709], 0.0016286644951140066]
20 [[25, 32, 38, 50, 53, 95, 100, 108, 131, 150, 180, 298, 304, 325, 381, 473, 479, 494, 620, 669, 704, 713, 757, 768, 28, 40, 54, 63, 130, 158, 169, 176, 373, 400, 497, 529, 554], 0.0016286644951140066]
21 [[22, 36, 97, 214, 230, 231, 349, 378, 380, 386, 538, 581, 622, 675, 23, 50, 76, 107, 142, 173, 258, 294, 311, 416, 432, 798], 0.0016286644951140066]
22 [[72, 118, 217, 231, 246, 249, 378, 380, 451, 543, 562, 570, 610, 673, 675, 730, 36, 51, 58, 78, 87, 103, 152, 159, 172, 256, 341, 354, 518], 0.0016286644951140066]
23 [[27, 79, 171, 234, 256, 288, 299, 351, 377, 483, 25, 31, 37, 46, 50, 64, 65, 142, 167, 197, 209, 262, 311, 382, 422, 453, 478, 530, 541, 568, 602, 714], 0.0016286644951140066]
24 [[31, 86, 159, 579, 779, 49, 66, 155, 166, 456, 542, 572, 612, 681, 732], 0.0016286644951140066]
25 [[799, 28, 32, 39, 41, 43, 50, 52, 56, 84, 90, 93, 95, 96, 100, 103, 104, 108, 110, 116, 123, 127, 129, 134, 152, 157, 160, 162, 164, 184, 216, 242, 268, 281, 305, 325, 333, 345, 374, 440, 449, 469, 502, 524, 546, 571, 636, 652, 700, 745, 778, 31, 151, 205, 237, 275, 288, 382, 534, 607, 786], 0.0016286644951140066]
26 [[44, 47, 74, 75, 81, 82, 107, 120, 176, 187, 203, 220, 255, 274, 280, 296, 311, 340, 341, 362, 370, 404, 439, 495, 506, 554, 558, 565, 573, 604, 611, 653, 146, 314, 768], 0.0016286644951140066]
27 [[79, 122, 171, 182, 192, 283, 322, 606, 734, 780, 123, 240, 300, 520], 0.0016286644951140066]
28 [[50, 52, 92, 103, 133, 142, 224, 309, 321, 333, 381, 473, 564, 757, 783, 41, 63, 116, 132, 141, 169, 228, 319, 421, 480, 589], 0.0016286644951140066]
29 [[64, 76, 106, 169, 301, 332, 435, 561, 600, 641, 47, 56, 77, 95, 109, 134, 162, 253, 265, 274, 321, 323, 390, 406, 426, 555, 654, 790], 0.0016286644951140066]
30 [[45, 48, 49, 65, 67, 69, 78, 83, 141, 188, 239, 271, 295, 352, 389, 457, 472, 481, 489, 589, 596, 643, 699, 735, 761, 34, 62, 72, 82, 184, 221, 464, 507, 526, 634], 0.0016286644951140066]
31 [[112, 579, 779, 37, 42, 64, 98, 205, 219, 237, 275, 305, 382, 422, 453, 478, 541, 726, 729, 783], 0.0016286644951140066]
32 [[39, 71, 95, 96, 104, 123, 140, 150, 298, 312, 354, 502, 552, 601, 602, 603, 69, 126, 161, 187, 278, 313, 338, 563, 615, 628, 717, 766], 0.0016286644951140066]
33 [[98, 219, 395, 582, 43, 44, 55, 79, 140, 144, 606, 787], 0.0016286644951140066]
34 [[128, 146, 363, 450, 605, 647, 685, 72, 124, 136, 181, 337, 507, 508, 598, 718], 0.0016286644951140066]
35 [[392, 394, 406, 484, 627, 691, 93, 177, 186, 207, 250, 299, 439, 500, 739], 0.0016286644951140066]
36 [[230, 380, 562, 673, 48, 51, 58, 73, 80, 94, 97, 103, 110, 122, 170, 200, 212, 222, 225, 226, 229, 245, 246, 249, 297, 332, 364, 461, 503, 539, 564, 624, 647, 660, 752], 0.0016286644951140066]
37 [[59, 61, 73, 177, 196, 204, 247, 272, 276, 289, 318, 436, 438, 446, 722, 42, 46, 64, 65, 98, 139, 182, 197, 305, 410, 560, 655, 736], 0.0016286644951140066]
38 [[53, 54, 102, 126, 202, 213, 222, 304, 353, 482, 500, 768, 57, 622], 0.0016286644951140066]
39 [[41, 71, 96, 119, 160, 162, 190, 291, 312, 358, 376, 385, 397, 423, 458, 524, 535, 602, 623, 686, 760, 784, 800, 75, 90, 147, 192, 267, 472, 550, 713, 735], 0.0016286644951140066]
40 [[77, 80, 114, 117, 412, 428, 461, 678, 54, 185, 189, 302, 424, 455, 585], 0.0016286644951140066]
41 [[43, 90, 93, 119, 174, 190, 257, 287, 465, 501, 507, 524, 590, 636, 116, 132, 231, 392, 532, 553, 665], 0.0016286644951140066]
42 [[58, 61, 111, 318, 373, 402, 446, 607, 788, 139, 182, 213, 260, 410, 516, 758, 784], 0.0016286644951140066]
43 [[56, 66, 90, 94, 134, 148, 149, 153, 174, 211, 257, 270, 285, 328, 465, 467, 469, 527, 544, 590, 705, 44, 84, 131, 178, 462], 0.0016286644951140066]
44 [[47, 62, 74, 75, 120, 203, 220, 793, 255, 259, 297, 339, 340, 341, 370, 470, 532, 658, 55, 79, 83, 84, 106, 121, 131, 140, 178, 211, 215, 242, 334, 462, 557, 776, 777], 0.0016286644951140066]
45 [[48, 168, 389, 432, 660, 661, 663, 732, 767, 100, 609, 632], 0.0016286644951140066]
46 [[59, 73, 88, 121, 136, 185, 204, 212, 218, 225, 229, 232, 244, 253, 261, 284, 286, 289, 300, 434, 508, 528, 540, 575, 637, 701, 716, 748, 65, 530, 714], 0.0016286644951140066]
47 [[74, 82, 176, 240, 339, 439, 77, 95, 162, 265, 286, 443, 485, 513, 688], 0.0016286644951140066]
48 [[78, 125, 141, 228, 237, 517, 576, 70, 73, 85, 102, 112, 143, 170, 193, 199, 203, 229, 257, 318, 360, 365, 377, 433, 483, 564], 0.0016286644951140066]
49 [[65, 67, 265, 271, 472, 475, 481, 550, 569, 617, 747, 762, 52, 118, 155, 166, 194, 223, 418, 463, 504, 561, 616, 621, 636, 772], 0.0016286644951140066]
50 [[52, 84, 92, 100, 293, 381, 479, 597, 76, 167, 264, 311, 380, 397, 568], 0.0016286644951140066]
51 [[70, 99, 161, 175, 198, 336, 785, 58, 87, 88, 94, 96, 97, 159, 172, 188, 191, 195, 277, 291, 312, 341, 359, 364, 381, 430, 438, 540, 551, 633, 799, 668, 710, 730, 749, 752, 781], 0.0016286644951140066]
52 [[84, 92, 133, 137, 142, 163, 224, 278, 293, 309, 333, 337, 350, 588, 778, 118, 223, 504], 0.0016286644951140066]
53 [[54, 131, 143, 180, 181, 407, 408, 480, 482, 768, 71, 104, 148, 283, 285], 0.0016286644951140066]
54 [[102, 482, 400], 0.0016286644951140066]
55 [[68, 166, 167, 657, 689, 739, 140, 178, 334], 0.0016286644951140066]
56 [[66, 148, 194, 281, 328, 356, 364, 416, 469, 608, 613, 664, 700, 737, 253, 274], 0.0016286644951140066]
57 [[129, 251, 329, 527, 619], 0.0016286644951140066]
58 [[111, 373, 402, 788, 87, 88, 94, 96, 103, 110, 113, 179, 191, 195, 210, 222, 238, 252, 284, 291, 342, 348, 408, 430, 518, 575, 597, 635, 661, 687, 698, 774], 0.0016286644951140066]
59 [[73, 136, 196, 218, 226, 261, 272, 313, 335, 436, 711, 60, 67, 68, 108, 128, 133, 171, 241, 243, 266, 270, 273, 330, 331, 343, 366, 384, 388, 389, 396, 441, 450, 476, 571, 712, 727, 750], 0.0016286644951140066]
60 [[87, 132, 797, 437, 560, 591, 595, 750, 67, 108, 128, 133, 145, 270, 273, 330, 336, 349, 409, 441, 535, 605, 637, 677, 738], 0.0016286644951140066]
61 [[318, 607, 92, 659, 674, 775], 0.0016286644951140066]
62 [[115, 205, 210, 314, 344, 411, 82, 415, 584], 0.0016286644951140066]
63 [[189, 431, 442, 448, 464, 682, 690, 733, 771, 130, 169, 254, 319, 404, 421, 566, 664], 0.0016286644951140066]
64 [[301, 98, 219, 453, 736], 0.0016286644951140066]
65 [[67, 352, 489, 617, 747, 197], 0.0016286644951140066]
66 [[94, 148, 149, 153, 194, 245, 264, 270, 277, 290, 329, 371, 466, 477, 503, 531, 544, 725, 394, 542, 681], 0.0016286644951140066]
67 [[798, 352, 472, 596, 617, 643, 770, 68, 74, 89, 91, 108, 160, 171, 175, 180, 243, 266, 279, 316, 335, 378, 383, 414, 692, 779], 0.0016286644951140066]
68 [[91, 105, 166, 221, 460, 689, 74, 81, 86, 111, 164, 171, 261, 272, 279, 320, 343, 370, 393, 396, 446, 580, 582, 613, 623, 626, 692, 720, 725, 759], 0.0016286644951140066]
69 [[83, 188, 295, 427, 457, 493, 589, 126, 161, 247, 304, 470, 515, 545, 563], 0.0016286644951140066]
70 [[99, 198, 359, 368, 447, 452, 559, 752, 785, 85, 112, 199, 318, 509], 0.0016286644951140066]
71 [[312, 376, 104, 148, 276, 282], 0.0016286644951140066]
72 [[118, 135, 217, 233, 248, 252, 266, 759, 124, 136], 0.0016286644951140066]
73 [[196, 204, 247, 253, 261, 315, 754, 80, 102, 114, 115, 122, 125, 135, 150, 203, 206, 229, 245, 257, 280, 362, 391, 484, 521, 650, 724], 0.0016286644951140066]
74 [[82, 107, 120, 191, 238, 274, 297, 339, 399, 470, 520, 557, 577, 583, 629, 688, 728, 772, 81, 86, 89, 105, 138, 303, 383, 548], 0.0016286644951140066]
75 [[187, 203, 227, 259, 282, 653, 90, 147, 192, 472], 0.0016286644951140066]
76 [[106, 113, 488, 567, 655, 656, 107, 173, 397], 0.0016286644951140066]
77 [[80, 117, 165, 178, 208, 419, 461, 729, 162, 443, 555], 0.0016286644951140066]
78 [[125, 141, 206, 228, 236, 326, 365, 433, 572, 592, 625, 642, 717, 735, 787, 152, 309, 423, 437, 479, 524, 552], 0.0016286644951140066]
79 [[182, 192, 283, 529, 83, 242], 0.0016286644951140066]
80 [[117, 165, 173, 183, 195, 208, 215, 330, 414, 428, 514, 794, 594, 114, 122, 125, 150, 206, 212, 332, 362, 465, 521, 539], 0.0016286644951140066]
81 [[604, 626, 86, 105, 111, 138, 164, 287, 320, 395], 0.0016286644951140066]
82 [[107, 176, 191, 238, 240, 303, 399, 491, 553, 556, 221, 415, 425, 584, 634, 731], 0.0016286644951140066]
83 [[239, 295, 242], 0.0016286644951140066]
84 [[778, 106, 121, 131, 154, 156, 220, 431, 569], 0.0016286644951140066]
85 [[207, 112, 143, 509, 745], 0.0016286644951140066]
86 [[267, 138, 287, 320, 395], 0.0016286644951140066]
87 [[88, 113, 172, 196, 799, 551, 633, 703, 730, 749, 774], 0.0016286644951140066]
88 [[121, 185, 300, 634, 701, 96, 113, 179, 196, 198, 210, 232, 244, 412, 551, 669, 703], 0.0016286644951140066]
89 [[145, 235, 671, 91, 120, 137, 255, 263, 376, 383, 696], 0.0016286644951140066]
90 [[93, 134, 174, 242, 507, 147], 0.0016286644951140066]
91 [[105, 139, 147, 170, 241, 360, 460, 712, 120, 137, 160, 201, 335, 642], 0.0016286644951140066]
92 [[133, 137, 293, 659, 775], 0.0016286644951140066]
93 [[242, 507, 177, 207, 218, 259, 401, 500], 0.0016286644951140066]
94 [[149, 211, 264, 285, 371, 375, 531, 749, 97, 188, 195, 222, 225, 238, 277, 284, 290, 293, 296, 347, 358, 372, 381, 403, 405, 411, 428, 435, 452, 473, 475, 493, 592, 668, 691, 706, 781], 0.0016286644951140066]
95 [[108, 116, 124, 151, 184, 502, 541, 542, 286], 0.0016286644951140066]
96 [[104, 110, 160, 193, 345, 415, 652, 191, 198, 244, 252, 292, 374, 522, 558, 653], 0.0016286644951140066]
97 [[214, 347, 538, 581, 188, 226, 290, 293, 312, 364, 458, 461, 702, 765, 789], 0.0016286644951140066]
98 [[395, 497, 582, 593, 800, 693, 726, 219, 305, 736], 0.0016286644951140066]
99 [[175, 198, 336, 359, 752, 117, 157, 657, 679], 0.0016286644951140066]
100 [[419, 531, 609, 632], 0.0016286644951140066]
101 [[138, 263, 366, 425, 795, 521, 127, 168, 217, 227, 234, 271, 468, 486, 670, 728, 742, 769], 0.0016286644951140066]
102 [[126, 144, 213, 258, 323, 387, 549, 614, 668, 203, 360], 0.0016286644951140066]
103 [[172, 449, 745, 783, 110, 249, 297, 518, 658, 687], 0.0016286644951140066]
104 [[110, 123, 127, 140, 179, 193, 327, 338, 374, 487, 548, 552, 571, 612, 148, 282, 283, 285], 0.0016286644951140066]
105 [[360, 460, 712, 303], 0.0016286644951140066]
106 [[113, 169, 332, 409, 488, 567, 683, 698, 776, 121, 154, 156, 211, 215, 220, 326, 715, 777], 0.0016286644951140066]
107 [[191, 274, 520, 553, 611, 629, 702, 173, 258, 294, 339, 471], 0.0016286644951140066]
108 [[116, 124, 325, 128, 145, 243, 388, 389, 535], 0.0016286644951140066]
109 [[130, 197, 251, 456, 486, 525, 119, 134, 235, 426, 654, 684, 701], 0.0016286644951140066]
110 [[193, 327, 345, 374, 415, 440, 548, 566, 249, 687], 0.0016286644951140066]
111 [[788, 164, 261, 370, 446, 477, 488, 759], 0.0016286644951140066]
112 [[331, 649, 674, 199], 0.0016286644951140066]
113 [[488, 655, 656, 698, 179, 196, 408, 597, 669, 774], 0.0016286644951140066]
114 [[173, 183, 201, 215, 250, 273, 428, 678, 115, 125, 135, 149, 280, 387, 618], 0.0016286644951140066]
115 [[205, 314, 411, 445, 578, 775, 135, 149, 216, 298, 353, 367, 391, 449, 484, 573, 583, 594, 618, 650], 0.0016286644951140066]
116 [[124, 151, 305, 541, 542, 132, 141, 228, 231, 448, 467, 480, 498, 586, 675, 755], 0.0016286644951140066]
117 [[165, 414, 461], 0.0016286644951140066]
118 [[217, 248, 390, 570, 740, 782, 194, 223, 561], 0.0016286644951140066]
119 [[190, 287, 358, 397, 163, 684, 701, 792], 0.0016286644951140066]
120 [[220, 297, 558, 577, 137, 201, 255, 642, 663, 699], 0.0016286644951140066]
121 [[185, 212, 232, 244, 346, 512, 634, 666, 672, 676, 156, 777], 0.0016286644951140066]
122 [[154, 199, 372, 391, 734, 150, 212, 245, 465], 0.0016286644951140066]
123 [[127, 140, 179, 153, 165, 208, 230, 240, 268, 579, 761], 0.0016286644951140066]
124 [[542, 136, 181, 508], 0.0016286644951140066]
125 [[206, 237, 572, 576, 280, 521], 0.0016286644951140066]
126 [[144, 213, 258, 387, 405, 549, 614, 659, 161, 313, 333, 470, 515, 562, 615, 640], 0.0016286644951140066]
127 [[799, 571, 612, 168, 402], 0.0016286644951140066]
128 [[146, 320, 133, 145, 331, 388, 399], 0.0016286644951140066]
129 [[152, 157, 158, 268, 307, 546, 633, 687, 251, 322, 329, 506, 527, 549, 603, 619, 678], 0.0016286644951140066]
130 [[251, 158, 254, 497, 746], 0.0016286644951140066]
131 [[143, 180, 181, 420, 430, 480, 494, 555, 774], 0.0016286644951140066]
132 [[437, 560, 595, 228, 448, 498, 525, 593, 675], 0.0016286644951140066]
133 [[137, 142, 163, 278, 321, 499, 270, 331, 399, 476, 676, 794], 0.0016286644951140066]
134 [[235, 340, 406, 426, 442, 491, 656], 0.0016286644951140066]
135 [[233, 252, 319, 149, 216, 298, 387, 391], 0.0016286644951140066]
136 [[218, 226, 229, 284, 313, 367, 403, 654, 786], 0.0016286644951140066]
137 [[163, 588, 201, 699], 0.0016286644951140066]
138 [[223, 263, 306, 334, 366, 287], 0.0016286644951140066]
139 [[147, 182, 213, 260, 516, 523, 560], 0.0016286644951140066]
140 [[179, 354, 552, 334], 0.0016286644951140066]
141 [[228, 236, 326, 433, 625, 735, 467], 0.0016286644951140066]
142 [[224, 278, 321, 337, 350, 499, 416], 0.0016286644951140066]
143 [[181, 407, 420, 774, 365, 379, 596, 751], 0.0016286644951140066]
144 [[258, 323, 405, 659, 668, 681, 714], 0.0016286644951140066]
145 [[156, 235, 671, 766, 535, 677, 682], 0.0016286644951140066]
146 [[320, 204, 289, 356, 386, 519, 689], 0.0016286644951140066]
147 [[170, 241, 523, 635], 0.0016286644951140066]
148 [[328, 364, 504, 285], 0.0016286644951140066]
149 [[153, 245, 285, 375, 216, 387, 449, 481, 546, 618], 0.0016286644951140066]
150 [[298, 601, 669, 713, 206], 0.0016286644951140066]
151 [[184, 305, 541, 534, 607], 0.0016286644951140066]
152 [[157, 158, 164, 216, 262, 307, 496, 509, 646, 687, 256, 437, 524], 0.0016286644951140066]
153 [[245, 270, 277, 290, 317, 503, 665, 725, 761], 0.0016286644951140066]
154 [[199, 308, 372, 391, 791, 326, 431, 440, 614], 0.0016286644951140066]
155 [[159, 279, 400, 471, 478, 166, 418, 456, 732, 788], 0.0016286644951140066]
156 [[220, 569, 705, 715], 0.0016286644951140066]
157 [[158, 262, 379, 398, 633, 684, 233, 357, 517, 657], 0.0016286644951140066]
158 [[262, 357, 398, 496, 633, 646, 176, 269, 281, 295, 497, 505, 529, 538, 554, 576, 638, 673, 695, 721, 762], 0.0016286644951140066]
159 [[400, 478, 743, 341, 438, 710], 0.0016286644951140066]
160 [[162, 291, 535, 652, 175, 316, 325, 335, 378, 414], 0.0016286644951140066]
161 [[710], 0.0016286644951140066]
162 [[291, 458, 623, 265, 513], 0.0016286644951140066]
163 [[588, 684], 0.0016286644951140066]
164 [[216, 261, 272, 369, 725], 0.0016286644951140066]
165 [[414, 208, 230, 317, 345, 459, 617, 761], 0.0016286644951140066]
166 [[167, 429, 584, 657, 689, 739, 732], 0.0016286644951140066]
167 [[429, 657, 209, 264, 380, 568], 0.0016286644951140066]
168 [[510, 227, 236, 368, 402], 0.0016286644951140066]
169 [[332, 409, 319], 0.0016286644951140066]
170 [[241, 523, 635, 650, 193, 200, 214, 246, 324, 377, 536, 647, 660, 683, 697], 0.0016286644951140066]
171 [[234, 382, 533, 279, 613, 623], 0.0016286644951140066]
172 [[462, 783, 730], 0.0016286644951140066]
173 [[183, 195, 201], 0.0016286644951140066]
174 [[465, 527, 398, 407, 686, 722], 0.0016286644951140066]
175 [[180, 316, 325], 0.0016286644951140066]
176 [[240, 269, 281, 346, 529, 576, 625, 644, 694], 0.0016286644951140066]
177 [[426, 438, 722, 218, 439, 466], 0.0016286644951140066]
178 [[324, 343, 410, 468, 519, 586, 628, 670, 729, 462], 0.0016286644951140066]
179 [[210, 232, 408, 575, 669], 0.0016286644951140066]
180 [[494, 555], 0.0016286644951140066]
181 [[407, 408, 480, 774, 508, 718], 0.0016286644951140066]
182 [[192, 529, 606, 780, 790, 213, 410, 655, 758], 0.0016286644951140066]
183 [[201, 215, 250, 273, 794, 248, 328, 645, 791], 0.0016286644951140066]
184 [[464], 0.0016286644951140066]
185 [[212, 300, 346, 189, 302, 447, 585, 708], 0.0016286644951140066]
186 [[299, 460, 652], 0.0016286644951140066]
187 [[227, 282, 292, 311, 316, 355, 396, 418, 485, 545, 648, 653, 278, 338, 487, 628, 763], 0.0016286644951140066]
188 [[427, 457, 277, 290, 312, 358, 359, 411, 474, 570, 690, 748], 0.0016286644951140066]
189 [[431, 442, 448, 715, 755, 585], 0.0016286644951140066]
190 [[672], 0.0016286644951140066]
191 [[238, 303, 310, 342, 520, 553, 557, 688, 702, 721, 781, 430, 540], 0.0016286644951140066]
192 [[283, 322, 606, 790, 267, 472, 550, 713, 735], 0.0016286644951140066]
193 [[327, 338, 377, 433, 483, 501, 536, 537, 588], 0.0016286644951140066]
194 [[329, 416, 466, 474, 651, 463, 636, 772], 0.0016286644951140066]
195 [[238, 291, 342, 381, 452, 473, 475, 493, 502, 629, 698, 747], 0.0016286644951140066]
196 [[272, 276], 0.0016286644951140066]
197 [[200, 209, 269, 384, 456, 459, 525, 718], 0.0016286644951140066]
198 [[336, 752, 785, 244, 252, 292, 374, 412, 558, 635, 651, 757], 0.0016286644951140066]
199 [[372], 0.0016286644951140066]
200 [[209, 269, 348, 580, 609, 214, 246, 324, 503], 0.0016286644951140066]
201 [[250, 642, 699], 0.0016286644951140066]
202 [[222, 353, 476, 500, 764, 224, 482, 620], 0.0016286644951140066]
203 [[340, 404, 532, 773, 792, 360], 0.0016286644951140066]
204 [[225, 247, 253, 315, 528, 630, 289, 301, 356, 386, 793, 495, 689], 0.0016286644951140066]
205 [[210, 314, 445, 516, 237, 729, 786], 0.0016286644951140066]
206 [[572, 642, 717, 362], 0.0016286644951140066]
207 [[453, 500], 0.0016286644951140066]
208 [[330, 419, 796, 230, 268, 317, 345, 417, 459, 512, 579], 0.0016286644951140066]
209 [[269, 348, 384, 459, 609, 662, 697, 703, 262, 434, 492], 0.0016286644951140066]
210 [[344, 516, 539, 232], 0.0016286644951140066]
211 [[215, 557, 574, 776], 0.0016286644951140066]
212 [[232, 346, 508, 512, 666, 676, 465], 0.0016286644951140066]
213 [[387, 260, 523, 630, 758, 784], 0.0016286644951140066]
214 [[254, 302, 347, 789, 324, 683, 697], 0.0016286644951140066]
215 [[273, 794], 0.0016286644951140066]
216 [[298, 353, 449, 481, 546, 594], 0.0016286644951140066]
217 [[248, 266, 390, 570, 740, 234, 468, 559, 567, 608], 0.0016286644951140066]
218 [[226, 284, 335, 403, 615, 654, 786], 0.0016286644951140066]
219 [[582, 693], 0.0016286644951140066]
220 [[255, 296, 388, 558, 569, 705, 715], 0.0016286644951140066]
221 [[634], 0.0016286644951140066]
222 [[225, 284, 296, 307, 347, 348, 352, 371, 403, 405, 547, 592, 780], 0.0016286644951140066]
223 [[243, 306, 334, 504, 561, 616, 621], 0.0016286644951140066]
224 [[309, 337, 620], 0.0016286644951140066]
225 [[289, 296, 307, 372, 662], 0.0016286644951140066]
226 [[335, 403, 615], 0.0016286644951140066]
227 [[796, 282, 292, 316, 355, 396, 443, 485, 692, 236], 0.0016286644951140066]
228 [[236, 592, 448, 593, 755], 0.0016286644951140066]
229 [[286, 367, 257, 564, 604], 0.0016286644951140066]
230 [[622, 707, 769, 268, 459], 0.0016286644951140066]
231 [[246, 249, 378, 383, 386, 451, 492, 536, 543, 551, 598, 639, 392], 0.0016286644951140066]
232 [[244, 508, 540, 585], 0.0016286644951140066]
233 [[319, 505, 357, 517], 0.0016286644951140066]
234 [[256, 382, 401, 271], 0.0016286644951140066]
235 [[766, 340], 0.0016286644951140066]
236 [[326, 365, 592, 368], 0.0016286644951140066]
237 [[517, 576, 275, 288, 327, 786], 0.0016286644951140066]
238 [[303, 310, 399, 413, 491, 498, 772, 475, 629, 698], 0.0016286644951140066]
239 [[306], 0.0016286644951140066]
240 [[300, 520], 0.0016286644951140066]
241 [[523, 650, 366, 750], 0.0016286644951140066]
243 [[260, 369, 266], 0.0016286644951140066]
244 [[412, 651], 0.0016286644951140066]
245 [[290], 0.0016286644951140066]
246 [[249, 383, 492, 536, 610, 720, 503, 647], 0.0016286644951140066]
247 [[315, 754, 304], 0.0016286644951140066]
248 [[266, 390, 727, 328, 791], 0.0016286644951140066]
249 [[383, 451, 551, 598, 639, 297, 624, 658], 0.0016286644951140066]
250 [[739], 0.0016286644951140066]
251 [[486, 322, 329, 506, 549, 603, 678, 740], 0.0016286644951140066]
252 [[759, 292, 522, 578, 635, 770], 0.0016286644951140066]
253 [[528, 630, 274, 321, 323, 499, 790], 0.0016286644951140066]
254 [[302, 530, 404, 719, 723, 746], 0.0016286644951140066]
255 [[296, 341, 362, 388, 495, 723, 793, 263, 533, 663], 0.0016286644951140066]
256 [[288, 299, 724], 0.0016286644951140066]
257 [[467, 534, 705, 604, 724], 0.0016286644951140066]
258 [[614, 294, 339, 432], 0.0016286644951140066]
259 [[658, 401, 680], 0.0016286644951140066]
260 [[369, 417, 441, 696, 516, 523, 630], 0.0016286644951140066]
261 [[272, 369, 580], 0.0016286644951140066]
262 [[379, 496, 434], 0.0016286644951140066]
263 [[376, 533], 0.0016286644951140066]
264 [[371, 749, 380], 0.0016286644951140066]
265 [[550, 762, 765, 513], 0.0016286644951140066]
267 [[550], 0.0016286644951140066]
268 [[546, 579], 0.0016286644951140066]
269 [[348, 697, 281, 295, 346, 436, 444, 454, 505, 538, 625, 671], 0.0016286644951140066]
270 [[277, 317, 515, 544, 273, 349, 351, 738], 0.0016286644951140066]
271 [[475, 481, 526, 569, 640, 694, 486, 733], 0.0016286644951140066]
272 [[276, 436, 711, 746, 369, 580, 626, 725], 0.0016286644951140066]
273 [[330, 336, 349, 351, 743], 0.0016286644951140066]
274 [[611, 629, 790], 0.0016286644951140066]
275 [[294, 422, 619, 288, 327, 667], 0.0016286644951140066]
276 [[315], 0.0016286644951140066]
277 [[317, 515, 665, 763, 411, 668, 706, 748], 0.0016286644951140066]
278 [[350, 499, 338, 487], 0.0016286644951140066]
279 [[471, 613, 692], 0.0016286644951140066]
280 [[604, 626], 0.0016286644951140066]
281 [[608, 295, 444, 625, 671, 673, 694], 0.0016286644951140066]
282 [[292, 545], 0.0016286644951140066]
283 [[322], 0.0016286644951140066]
284 [[348, 352, 661], 0.0016286644951140066]
285 [[375], 0.0016286644951140066]
286 [[434, 667, 679, 748, 485], 0.0016286644951140066]
287 [[501, 395], 0.0016286644951140066]
288 [[299, 351, 724, 327], 0.0016286644951140066]
289 [[386, 495, 610], 0.0016286644951140066]
290 [[503, 293, 358, 435, 458, 474, 649, 691, 702], 0.0016286644951140066]
291 [[458, 535, 342], 0.0016286644951140066]
292 [[316, 443, 545, 374, 522, 578, 653, 770], 0.0016286644951140066]
293 [[435, 458, 649], 0.0016286644951140066]
294 [[361, 339, 432, 471], 0.0016286644951140066]
295 [[589, 699, 436, 444, 454, 673, 716], 0.0016286644951140066]
296 [[362, 388, 506, 565, 723, 307, 347, 371, 372, 547, 600, 662], 0.0016286644951140066]
297 [[470, 577, 728, 624, 658], 0.0016286644951140066]
298 [[713, 353, 367, 544, 583, 744], 0.0016286644951140066]
299 [[351, 724], 0.0016286644951140066]
300 [[701, 520], 0.0016286644951140066]
301 [[435, 641], 0.0016286644951140066]
302 [[530, 789, 424, 455], 0.0016286644951140066]
303 [[310, 342, 413, 491, 498, 556, 563, 738, 751, 548], 0.0016286644951140066]
304 [[545], 0.0016286644951140066]
306 [[334, 511, 627, 707], 0.0016286644951140066]
307 [[509, 616, 687], 0.0016286644951140066]
308 [[791, 355, 361, 363, 451, 631], 0.0016286644951140066]
309 [[420, 423, 479, 595], 0.0016286644951140066]
310 [[342, 413, 738, 350, 685, 753], 0.0016286644951140066]
311 [[573], 0.0016286644951140066]
312 [[602, 784, 359, 690], 0.0016286644951140066]
313 [[333, 615], 0.0016286644951140066]
314 [[643, 768], 0.0016286644951140066]
315 [[754, 581], 0.0016286644951140066]
316 [[355, 443, 378], 0.0016286644951140066]
317 [[515, 665, 763, 345, 417, 617], 0.0016286644951140066]
318 [[446, 607], 0.0016286644951140066]
319 [[505, 421, 589], 0.0016286644951140066]
321 [[323, 390, 499, 510, 639], 0.0016286644951140066]
322 [[549, 740], 0.0016286644951140066]
323 [[668, 681, 695, 390, 499, 510, 639, 646], 0.0016286644951140066]
324 [[343, 410, 468, 586, 706, 683], 0.0016286644951140066]
326 [[365, 433], 0.0016286644951140066]
327 [[338, 487, 548, 667], 0.0016286644951140066]
328 [[364, 504, 644, 791], 0.0016286644951140066]
329 [[466, 477, 506, 527], 0.0016286644951140066]
330 [[514, 547, 594, 621, 677, 336, 743], 0.0016286644951140066]
331 [[649, 674, 777, 399, 476, 794, 676], 0.0016286644951140066]
332 [[561, 600, 539], 0.0016286644951140066]
336 [[743], 0.0016286644951140066]
338 [[487, 628], 0.0016286644951140066]
339 [[471], 0.0016286644951140066]
340 [[370, 404, 532, 773, 442], 0.0016286644951140066]
341 [[793], 0.0016286644951140066]
342 [[738], 0.0016286644951140066]
343 [[519, 586, 706, 393, 396, 450, 712], 0.0016286644951140066]
344 [[413], 0.0016286644951140066]
345 [[415, 566, 719, 417, 796, 512, 782], 0.0016286644951140066]
346 [[512, 644], 0.0016286644951140066]
347 [[371, 403], 0.0016286644951140066]
348 [[697, 352, 661, 780], 0.0016286644951140066]
349 [[351, 738], 0.0016286644951140066]
350 [[543, 590, 685], 0.0016286644951140066]
352 [[643, 770, 780], 0.0016286644951140066]
353 [[500, 367, 544, 594], 0.0016286644951140066]
354 [[795, 709], 0.0016286644951140066]
355 [[361], 0.0016286644951140066]
356 [[416, 474, 651, 737, 793, 519, 689], 0.0016286644951140066]
357 [[379, 398, 684, 517], 0.0016286644951140066]
358 [[385, 397, 423, 568, 624, 686, 474, 570, 577], 0.0016286644951140066]
359 [[368, 421, 452, 490, 559, 690], 0.0016286644951140066]
361 [[631], 0.0016286644951140066]
362 [[495, 506, 554], 0.0016286644951140066]
363 [[424, 450, 463, 632, 647], 0.0016286644951140066]
364 [[504, 613, 644, 461, 765], 0.0016286644951140066]
365 [[379, 596, 741], 0.0016286644951140066]
366 [[571, 599, 750], 0.0016286644951140066]
367 [[544, 583, 744], 0.0016286644951140066]
368 [[421, 447, 452, 631], 0.0016286644951140066]
369 [[441, 696], 0.0016286644951140066]
370 [[477, 582], 0.0016286644951140066]
371 [[531, 749, 547, 600, 641, 797], 0.0016286644951140066]
372 [[662], 0.0016286644951140066]
373 [[402], 0.0016286644951140066]
374 [[440, 558, 653, 757], 0.0016286644951140066]
375 [[496], 0.0016286644951140066]
376 [[696], 0.0016286644951140066]
377 [[444, 638, 433, 501], 0.0016286644951140066]
378 [[386, 543, 675, 414], 0.0016286644951140066]
379 [[596, 741, 751], 0.0016286644951140066]
380 [[673, 730], 0.0016286644951140066]
381 [[473, 479, 597, 620, 756, 452, 747, 767], 0.0016286644951140066]
382 [[401, 533, 422], 0.0016286644951140066]
383 [[551], 0.0016286644951140066]
384 [[459, 662, 703, 718, 742, 727], 0.0016286644951140066]
385 [[568, 686, 709, 490], 0.0016286644951140066]
387 [[549], 0.0016286644951140066]
388 [[723, 389], 0.0016286644951140066]
389 [[432, 660, 732], 0.0016286644951140066]
390 [[727, 740, 782, 639, 646], 0.0016286644951140066]
391 [[650], 0.0016286644951140066]
392 [[406, 618, 627, 691, 532, 611, 665], 0.0016286644951140066]
393 [[429], 0.0016286644951140066]
394 [[454, 484, 513], 0.0016286644951140066]
396 [[418, 485, 648, 692], 0.0016286644951140066]
397 [[423, 624, 760], 0.0016286644951140066]
398 [[684, 407, 737], 0.0016286644951140066]
399 [[772, 794], 0.0016286644951140066]
400 [[478, 743], 0.0016286644951140066]
401 [[680], 0.0016286644951140066]
403 [[615, 654, 405, 428], 0.0016286644951140066]
404 [[566, 719], 0.0016286644951140066]
405 [[659, 714, 428, 592], 0.0016286644951140066]
406 [[618, 627], 0.0016286644951140066]
407 [[408], 0.0016286644951140066]
408 [[575, 597], 0.0016286644951140066]
409 [[683], 0.0016286644951140066]
410 [[468, 628, 670, 655], 0.0016286644951140066]
411 [[775, 706, 748], 0.0016286644951140066]
412 [[651], 0.0016286644951140066]
415 [[566, 719, 425, 469, 584, 731], 0.0016286644951140066]
416 [[474, 737], 0.0016286644951140066]
417 [[512, 782], 0.0016286644951140066]
418 [[788], 0.0016286644951140066]
419 [[427, 489, 531], 0.0016286644951140066]
420 [[430, 595, 693, 700, 756], 0.0016286644951140066]
421 [[490, 589], 0.0016286644951140066]
422 [[619, 741, 758, 478, 602, 666, 726], 0.0016286644951140066]
423 [[624, 760, 479], 0.0016286644951140066]
424 [[455], 0.0016286644951140066]
425 [[795, 521, 469, 731], 0.0016286644951140066]
426 [[654], 0.0016286644951140066]
427 [[445, 457, 489, 494, 514], 0.0016286644951140066]
429 [[584], 0.0016286644951140066]
430 [[540, 778], 0.0016286644951140066]
431 [[682, 440, 614], 0.0016286644951140066]
432 [[660, 661], 0.0016286644951140066]
433 [[625, 483, 501], 0.0016286644951140066]
434 [[637, 667, 679, 748, 492], 0.0016286644951140066]
435 [[641, 691], 0.0016286644951140066]
436 [[711, 746, 454, 505, 716], 0.0016286644951140066]
437 [[524], 0.0016286644951140066]
438 [[710], 0.0016286644951140066]
439 [[466], 0.0016286644951140066]
440 [[614], 0.0016286644951140066]
441 [[696, 605, 637], 0.0016286644951140066]
442 [[448, 715, 491, 656], 0.0016286644951140066]
443 [[688], 0.0016286644951140066]
444 [[638, 671], 0.0016286644951140066]
445 [[457, 494, 514, 587, 591, 785], 0.0016286644951140066]
446 [[759], 0.0016286644951140066]
447 [[631, 708], 0.0016286644951140066]
448 [[498, 525, 593], 0.0016286644951140066]
449 [[745, 481], 0.0016286644951140066]
450 [[463, 632, 712], 0.0016286644951140066]
452 [[559, 473, 747, 767], 0.0016286644951140066]
453 [[599], 0.0016286644951140066]
454 [[455, 513, 522, 716], 0.0016286644951140066]
456 [[525], 0.0016286644951140066]
458 [[623, 649, 702, 789], 0.0016286644951140066]
459 [[662, 742], 0.0016286644951140066]
460 [[712, 652], 0.0016286644951140066]
461 [[765], 0.0016286644951140066]
462 [[564], 0.0016286644951140066]
463 [[632, 636], 0.0016286644951140066]
464 [[771, 526], 0.0016286644951140066]
465 [[527, 590], 0.0016286644951140066]
467 [[534, 705, 586], 0.0016286644951140066]
468 [[628, 728, 769], 0.0016286644951140066]
469 [[700], 0.0016286644951140066]
470 [[515, 562], 0.0016286644951140066]
472 [[798, 596, 713], 0.0016286644951140066]
473 [[493, 502], 0.0016286644951140066]
474 [[651, 570, 577], 0.0016286644951140066]
475 [[526, 640, 629], 0.0016286644951140066]
476 [[764, 676], 0.0016286644951140066]
477 [[488, 648], 0.0016286644951140066]
478 [[743, 541, 602, 666, 726, 783], 0.0016286644951140066]
479 [[597, 620, 704, 756], 0.0016286644951140066]
480 [[755], 0.0016286644951140066]
481 [[569, 546], 0.0016286644951140066]
484 [[573], 0.0016286644951140066]
485 [[648], 0.0016286644951140066]
486 [[733], 0.0016286644951140066]
488 [[567, 655, 648], 0.0016286644951140066]
489 [[761], 0.0016286644951140066]
491 [[498, 556, 563, 751, 656], 0.0016286644951140066]
492 [[536], 0.0016286644951140066]
493 [[502], 0.0016286644951140066]
494 [[555, 514, 587], 0.0016286644951140066]
495 [[610], 0.0016286644951140066]
496 [[646], 0.0016286644951140066]
497 [[511, 593, 554, 638, 762], 0.0016286644951140066]
498 [[751, 525, 675], 0.0016286644951140066]
499 [[510], 0.0016286644951140066]
502 [[603], 0.0016286644951140066]
503 [[725], 0.0016286644951140066]
504 [[644, 621], 0.0016286644951140066]
505 [[538, 695], 0.0016286644951140066]
506 [[554, 565], 0.0016286644951140066]
507 [[598], 0.0016286644951140066]
508 [[540, 585, 718], 0.0016286644951140066]
509 [[745], 0.0016286644951140066]
511 [[627, 707], 0.0016286644951140066]
512 [[666, 672, 796, 782], 0.0016286644951140066]
513 [[522], 0.0016286644951140066]
514 [[547, 621, 753, 587, 591], 0.0016286644951140066]
515 [[763, 562, 640], 0.0016286644951140066]
516 [[539], 0.0016286644951140066]
518 [[574, 587, 680], 0.0016286644951140066]
520 [[557, 583], 0.0016286644951140066]
521 [[795], 0.0016286644951140066]
522 [[770], 0.0016286644951140066]
523 [[650, 630], 0.0016286644951140066]
524 [[636], 0.0016286644951140066]
526 [[640, 694], 0.0016286644951140066]
527 [[619], 0.0016286644951140066]
528 [[630, 800, 565], 0.0016286644951140066]
529 [[576], 0.0016286644951140066]
530 [[714], 0.0016286644951140066]
532 [[773, 792, 611, 665, 704], 0.0016286644951140066]
535 [[677, 682], 0.0016286644951140066]
536 [[537], 0.0016286644951140066]
537 [[588], 0.0016286644951140066]
538 [[581, 695, 721, 764], 0.0016286644951140066]
540 [[585, 778], 0.0016286644951140066]
542 [[572, 681], 0.0016286644951140066]
543 [[556, 590, 760, 771], 0.0016286644951140066]
544 [[744], 0.0016286644951140066]
547 [[753, 600, 641], 0.0016286644951140066]
549 [[603, 740], 0.0016286644951140066]
551 [[598, 633, 703], 0.0016286644951140066]
553 [[702, 721, 781], 0.0016286644951140066]
554 [[638], 0.0016286644951140066]
556 [[563, 760, 773], 0.0016286644951140066]
557 [[583, 688, 574, 776], 0.0016286644951140066]
558 [[757], 0.0016286644951140066]
559 [[567, 608], 0.0016286644951140066]
560 [[591, 595], 0.0016286644951140066]
561 [[600, 616], 0.0016286644951140066]
562 [[640], 0.0016286644951140066]
563 [[766], 0.0016286644951140066]
566 [[719, 664], 0.0016286644951140066]
567 [[608], 0.0016286644951140066]
568 [[709], 0.0016286644951140066]
569 [[705], 0.0016286644951140066]
570 [[577], 0.0016286644951140066]
571 [[612, 799, 599], 0.0016286644951140066]
572 [[642, 787], 0.0016286644951140066]
574 [[587], 0.0016286644951140066]
577 [[728], 0.0016286644951140066]
580 [[626, 720, 734], 0.0016286644951140066]
582 [[693, 726], 0.0016286644951140066]
586 [[706], 0.0016286644951140066]
587 [[591, 785], 0.0016286644951140066]
589 [[699], 0.0016286644951140066]
591 [[750, 785], 0.0016286644951140066]
593 [[800], 0.0016286644951140066]
594 [[621], 0.0016286644951140066]
596 [[798, 741], 0.0016286644951140066]
598 [[639], 0.0016286644951140066]
599 [[645, 708], 0.0016286644951140066]
600 [[797, 641], 0.0016286644951140066]
602 [[784, 666], 0.0016286644951140066]
603 [[678], 0.0016286644951140066]
604 [[626, 724], 0.0016286644951140066]
605 [[731, 637], 0.0016286644951140066]
606 [[790, 787], 0.0016286644951140066]
608 [[664, 736, 744], 0.0016286644951140066]
609 [[632], 0.0016286644951140066]
610 [[720], 0.0016286644951140066]
611 [[704], 0.0016286644951140066]
613 [[623], 0.0016286644951140066]
619 [[741], 0.0016286644951140066]
620 [[704, 756], 0.0016286644951140066]
621 [[677], 0.0016286644951140066]
622 [[707], 0.0016286644951140066]
625 [[694], 0.0016286644951140066]
626 [[720, 734], 0.0016286644951140066]
627 [[691, 707], 0.0016286644951140066]
633 [[799], 0.0016286644951140066]
636 [[772], 0.0016286644951140066]
637 [[716], 0.0016286644951140066]
638 [[762], 0.0016286644951140066]
639 [[646], 0.0016286644951140066]
641 [[797], 0.0016286644951140066]
642 [[717, 787], 0.0016286644951140066]
643 [[770], 0.0016286644951140066]
645 [[708], 0.0016286644951140066]
647 [[685, 660], 0.0016286644951140066]
649 [[674, 777], 0.0016286644951140066]
654 [[786], 0.0016286644951140066]
657 [[739, 679], 0.0016286644951140066]
659 [[714, 775], 0.0016286644951140066]
660 [[732], 0.0016286644951140066]
661 [[767], 0.0016286644951140066]
662 [[742], 0.0016286644951140066]
663 [[767], 0.0016286644951140066]
664 [[736, 744], 0.0016286644951140066]
666 [[672, 676], 0.0016286644951140066]
667 [[679], 0.0016286644951140066]
668 [[681, 695, 781], 0.0016286644951140066]
670 [[742], 0.0016286644951140066]
673 [[730], 0.0016286644951140066]
674 [[777], 0.0016286644951140066]
677 [[682], 0.0016286644951140066]
681 [[695], 0.0016286644951140066]
682 [[690], 0.0016286644951140066]
685 [[753], 0.0016286644951140066]
692 [[796], 0.0016286644951140066]
693 [[726, 700, 756], 0.0016286644951140066]
695 [[721, 764], 0.0016286644951140066]
698 [[776], 0.0016286644951140066]
701 [[792], 0.0016286644951140066]
702 [[721], 0.0016286644951140066]
707 [[769], 0.0016286644951140066]
709 [[795], 0.0016286644951140066]
711 [[746], 0.0016286644951140066]
713 [[735], 0.0016286644951140066]
715 [[755], 0.0016286644951140066]
719 [[723], 0.0016286644951140066]
720 [[734], 0.0016286644951140066]
721 [[781, 764], 0.0016286644951140066]
726 [[783], 0.0016286644951140066]
727 [[782], 0.0016286644951140066]
728 [[769], 0.0016286644951140066]
730 [[749], 0.0016286644951140066]
736 [[744], 0.0016286644951140066]
741 [[758], 0.0016286644951140066]
747 [[767], 0.0016286644951140066]
750 [[797], 0.0016286644951140066]
758 [[784], 0.0016286644951140066]
760 [[771], 0.0016286644951140066]
762 [[765], 0.0016286644951140066]
773 [[792], 0.0016286644951140066]
